

Please enter the lowest student number in your group: 


Units for the values: V, mA, kOhm, mS and uF


Values:  R1 = 1.03038544258 
R2 = 2.01290825706 
R3 = 3.04054584185 
R4 = 4.00543059873 
R5 = 3.1074735136 
R6 = 2.09596176977 
R7 = 1.0128327003 
Vs = 5.09258110745 
C = 1.04528139814 
Kb = 7.28617063968 
Kd = 8.15648803325 



